3.353130281626593313e-03 6.978841057391478309e-01 -1.178139362905187504e+00 -2.841886496782113802e+00 4.035967459757406116e+08 -7.470678472627155856e-03 1.380621458407575997e-01 -1.130197948487000614e+00 4.085142745081365989e-02
6.978841057391478309e-01 1.345081783075358771e+03 -5.009135877569775630e+02 -1.151087193294305052e+03 2.117812427576829529e+11 -4.169722430089517928e+00 2.768658713085956791e+01 -8.186934315289909136e+02 8.813139257991256414e+00
-1.178139362905187504e+00 -5.009135877569775630e+02 4.693037441045845526e+02 1.108613414115247451e+03 -1.677708326918049316e+11 3.102518140987584605e+00 -4.806290098327783511e+01 5.154776785483329604e+02 -1.433966018542318110e+01
-2.841886496782113802e+00 -1.151087193294305052e+03 1.108613414115247451e+03 2.776257416369303428e+03 -4.165197335179794312e+11 8.538550725955850851e+00 -1.195886569696917547e+02 1.297806167836844907e+03 -3.583593058999257863e+01
4.035967459757406116e+08 2.117812427576829529e+11 -1.677708326918049316e+11 -4.165197335179794312e+11 6.426066693763850240e+19 -1.315685380616726637e+09 1.693593783584215927e+10 -2.075939273003421936e+11 5.099754355440432549e+09
-7.470678472627155856e-03 -4.169722430089517928e+00 3.102518140987584605e+00 8.538550725955850851e+00 -1.315685380616726637e+09 3.209084524352022461e-02 -3.369009217411268464e-01 4.410106674156484274e+00 -1.024755258334559549e-01
1.380621458407575997e-01 2.768658713085956791e+01 -4.806290098327783511e+01 -1.195886569696917547e+02 1.693593783584215927e+10 -3.369009217411268464e-01 5.799200588442607440e+00 -4.789807733895888475e+01 1.719805651376529188e+00
-1.130197948487000614e+00 -8.186934315289909136e+02 5.154776785483329604e+02 1.297806167836844907e+03 -2.075939273003421936e+11 4.410106674156484274e+00 -4.789807733895888475e+01 7.081463381129703976e+02 -1.457710927674769508e+01
4.085142745081365989e-02 8.813139257991256414e+00 -1.433966018542318110e+01 -3.583593058999257863e+01 5.099754355440432549e+09 -1.024755258334559549e-01 1.719805651376529188e+00 -1.457710927674769508e+01 5.105944786301034322e-01
