8.009674060959279984e+01 -7.956859940932625614e+04 3.118671282652292211e+04 -1.423252757216557029e+03 -7.820306355228337402e+11 7.434765790516311199e+02 2.362830109610917589e+03 3.442323630495812267e+03 6.406555826220813969e+02
-7.956859940932625614e+04 1.206539112850291431e+08 -2.651137643826456740e+07 1.666400118343717651e+06 4.986296080909504375e+14 -7.339517485278669046e+05 -2.345856202129714657e+06 -2.192790014914040454e+06 -6.362920984009073582e+05
3.118671282652292211e+04 -2.651137643826456740e+07 1.386389691333789378e+07 -6.100283562684002100e+05 -5.481402520089032500e+14 2.898256467206443194e+05 9.221578635691761738e+05 2.411205244461670984e+06 2.498397304886074853e+05
-1.423252757216557029e+03 1.666400118343717651e+06 -6.100283562684002100e+05 1.800496568568134098e+05 8.135409648711420312e+13 -1.304279782648655600e+04 -4.264437824841992551e+04 -3.585291415303220856e+05 -1.151641979637829718e+04
-7.820306355228337402e+11 4.986296080909504375e+14 -5.481402520089032500e+14 8.135409648711420312e+13 7.274025043636345268e+22 -7.225345095298108398e+12 -2.367268439118085938e+13 -3.199783439604125000e+14 -6.370077056573669922e+12
7.434765790516311199e+02 -7.339517485278669046e+05 2.898256467206443194e+05 -1.304279782648655600e+04 -7.225345095298108398e+12 6.902761005913985173e+03 2.193268573430287142e+04 3.180410715711868397e+04 5.946923440686113281e+03
2.362830109610917589e+03 -2.345856202129714657e+06 9.221578635691761738e+05 -4.264437824841992551e+04 -2.367268439118085938e+13 2.193268573430287142e+04 6.971004822477864218e+04 1.042013203755346476e+05 1.890085292596617001e+04
3.442323630495812267e+03 -2.192790014914040454e+06 2.411205244461670984e+06 -3.585291415303220856e+05 -3.199783439604125000e+14 3.180410715711868397e+04 1.042013203755346476e+05 1.407593948563222773e+06 2.803983143213746371e+04
6.406555826220813969e+02 -6.362920984009073582e+05 2.498397304886074853e+05 -1.151641979637829718e+04 -6.370077056573669922e+12 5.946923440686113281e+03 1.890085292596617001e+04 2.803983143213746371e+04 5.124752530869805014e+03
