4.337129032471430946e+03 -4.866237001274705864e+06 1.613157943626324646e+06 -5.851394672092208930e+04 -1.998046485277146094e+13 4.029343065748057415e+04 1.275315078208026971e+05 8.794652883743196435e+04 3.462148918368104933e+04
-4.866237001274705864e+06 1.003001733235818291e+10 -1.790148092956021786e+09 1.806189272298074067e+08 5.748803663001165600e+16 -4.483209696325241029e+07 -1.434758697880477309e+08 -2.530365347514543235e+08 -3.891161508459780365e+07
1.613157943626324646e+06 -1.790148092956021786e+09 6.064484783079916239e+08 -2.241413976227704436e+07 -8.418219513107715000e+15 1.498925168008293770e+07 4.744240369548738748e+07 3.705096462861293554e+07 1.287880858607681096e+07
-5.851394672092208930e+04 1.806189272298074067e+08 -2.241413976227704436e+07 5.205587045194482431e+06 1.826498032324271500e+15 -5.317307050296233501e+05 -1.735924005361303221e+06 -8.040386513324840926e+06 -4.698479327649662737e+05
-1.998046485277146094e+13 5.748803663001165600e+16 -8.418219513107715000e+15 1.826498032324271500e+15 7.632118269901643312e+23 -1.820642497938583438e+14 -5.939656285413048750e+14 -3.358975593751242000e+15 -1.606800651955255000e+14
4.029343065748057415e+04 -4.483209696325241029e+07 1.498925168008293770e+07 -5.317307050296233501e+05 -1.820642497938583438e+14 3.743845163173288456e+05 1.184779792888476979e+06 8.013782300865841098e+05 3.216422395474627847e+05
1.275315078208026971e+05 -1.434758697880477309e+08 4.744240369548738748e+07 -1.735924005361303221e+06 -5.939656285413048750e+14 1.184779792888476979e+06 3.750100779991331045e+06 2.614412972680147737e+06 1.018048927861776087e+06
8.794652883743196435e+04 -2.530365347514543235e+08 3.705096462861293554e+07 -8.040386513324840926e+06 -3.358975593751242000e+15 8.013782300865841098e+05 2.614412972680147737e+06 1.478327563889221661e+07 7.072536537533712108e+05
3.462148918368104933e+04 -3.891161508459780365e+07 1.287880858607681096e+07 -4.698479327649662737e+05 -1.606800651955255000e+14 3.216422395474627847e+05 1.018048927861776087e+06 7.072536537533712108e+05 2.763735865012967261e+05
